   7.4999999999999997E-002   0.0000000000000000     
  0.22499999999999998        0.0000000000000000     
  0.37500000000000000        0.0000000000000000     
  0.52500000000000002        0.0000000000000000     
  0.67499999999999993        0.0000000000000000     
  0.82499999999999996        0.0000000000000000     
  0.97499999999999998        0.0000000000000000     
   1.1250000000000000        0.0000000000000000     
   1.2749999999999999        0.0000000000000000     
   1.4250000000000000        0.0000000000000000     
   1.5750000000000000        0.0000000000000000     
   1.7249999999999999        0.0000000000000000     
   1.8750000000000000        0.0000000000000000     
   2.0249999999999999        0.0000000000000000     
   2.1749999999999998        0.0000000000000000     
   2.3249999999999997        0.0000000000000000     
   2.4750000000000001        0.0000000000000000     
   2.6250000000000000        0.0000000000000000     
