   7.4999999999999997E-002  0.48324667633057516     
  0.22499999999999998       0.50610778354063279     
  0.37500000000000000       0.52519557315709353     
  0.52500000000000002       0.51857513580831283     
  0.67499999999999993       0.50397865859101842     
  0.82499999999999996       0.51992444469828747     
  0.97499999999999998       0.52630524113876320     
   1.1250000000000000       0.50620592552338950     
   1.2749999999999999       0.48501018023775749     
   1.4250000000000000       0.48324792510568088     
   1.5750000000000000       0.50611039378857869     
   1.7249999999999999       0.52519675654823450     
   1.8750000000000000       0.51857488735272805     
   2.0249999999999999       0.50397588242565872     
   2.1749999999999998       0.51992533907726113     
   2.3249999999999997       0.52630725873812412     
   2.4750000000000001       0.50620290221914732     
   2.6250000000000000       0.48501029931413087     
