   7.4999999999999997E-002  -1.5411442433762401     
  0.22499999999999998       -2.0469477798600071     
  0.37500000000000000       -1.0269375478191385     
  0.52500000000000002        0.0000000000000000     
  0.67499999999999993        0.0000000000000000     
  0.82499999999999996        0.0000000000000000     
  0.97499999999999998       -1.0270272515869727     
   1.1250000000000000       -2.0467314585964282     
   1.2749999999999999       -1.5411257954378963     
   1.4250000000000000       -1.5411439199847847     
   1.5750000000000000       -2.0469467925476188     
   1.7249999999999999       -1.0269377086507889     
   1.8750000000000000        0.0000000000000000     
   2.0249999999999999        0.0000000000000000     
   2.1749999999999998        0.0000000000000000     
   2.3249999999999997       -1.0270269079747161     
   2.4750000000000001       -2.0467302779555010     
   2.6250000000000000       -1.5411255515435545     
