           1   0.0000000000000000     
           1   0.0000000000000000     
           1   0.0000000000000000     
           1   0.0000000000000000     
           1   0.0000000000000000     
           1   0.0000000000000000     
           1   0.0000000000000000     
           1   0.0000000000000000     
           1   0.0000000000000000     
           1   0.0000000000000000     
           1   0.0000000000000000     
           1   0.0000000000000000     
           1   0.0000000000000000     
           1   0.0000000000000000     
           1   0.0000000000000000     
           1   0.0000000000000000     
           1   0.0000000000000000     
           1   0.0000000000000000     
           1   0.0000000000000000     
           1   0.0000000000000000     
           1   0.0000000000000000     
           1   0.0000000000000000     
           1   0.0000000000000000     
           1   0.0000000000000000     
           1   0.0000000000000000     
           1   0.0000000000000000     
           1   0.0000000000000000     
           1   0.0000000000000000     
           1   0.0000000000000000     
           1   0.0000000000000000     
           1   0.0000000000000000     
           1   0.0000000000000000     
           1   0.0000000000000000     
           1   0.0000000000000000     
           1   0.0000000000000000     
           1   0.0000000000000000     
           1   0.0000000000000000     
           1   0.0000000000000000     
           1   0.0000000000000000     
           1   0.0000000000000000     
           1   0.0000000000000000     
           1  -274.69922488760221     
           1  -274.69922431446946     
           1  -274.69922431446946     
           1  -274.69922431446946     
           2  -274.70851721501458     
           3  -274.72172322525739     
