           1  -6.6070434898151607E-009
           1  -2.8826149589335082E-008
           1  -6.7623298819390669E-010
           1  -3.9266555912159940E-010
           1  -7.8010045002788339E-009
           1  -4.6545787062590726E-007
           1  -4.3227363949451996E-003
           1  -3.7612677794420041E-007
           1  -1.5214856900408886E-007
           1  -7.1858542353674484E-004
           1  -3.5765677275075659E-002
           1  -1.0175315170501405E-005
           1  -1.0175315170501405E-005
           1  -4.3411069502651296E-005
           1  -3.5765677275075659E-002
           1  -3.5765677275075659E-002
           1  -3.5765677275075659E-002
           1  -3.5765677275075659E-002
           1  -4.6790272713409978E-002
           1                       NaN
           1   3.5275551835011658     
           1   3.5151822524387013     
           1   4.9885751714776267     
           1   4.9127327441316631     
           1   5.2864742334919335     
           1   6744.5944774911677     
           1                       NaN
           1   7.0763620937267947E-003
           1   7.0746144547695879E-009
           1   7.0746144547695879E-009
           1   7.0763620937267947E-003
           1   7.0763617577004091E-003
           1   7.0763617577004091E-003
           1   6744.5941572962020     
           1   7.0763617577004100E-003
           1   6744.5941572962020     
           1   7.0763617577011603E-003
           1   7.0763617577008593E-003
           1   7.0763617577008602E-003
           1   4.0729083787951294E-002
           1   7.9916854994098452E-002
           1  -387.34108594224881     
