           1       73181
           2       73342
           3       73518
           4       73213
           5       73268
           6       73581
           7       73592
           8       73385
           9       70351
          10       70675
          11       70837
          12       70524
          13       74292
          14       74668
          15       74673
          16       74443
          17       73308
          18       73055
          19       73289
          20       73589
          21       73431
          22       73205
          23       73367
          24       73494
          25       70646
          26       70401
          27       70624
          28       70699
          29       74553
          30       74349
          31       74598
          32       74626
          33       73045
          34       73131
          35       73082
          36       73079
          37       73193
          38       73212
          39       73002
          40       73112
          41       72885
          42       73025
          43       72864
          44       72889
          45       73157
          46       73034
          47       73134
          48       72939
          49       68094
          50       68290
          51       68075
          52       68423
          53       68483
          54       68288
          55       68348
          56       68079
          57       73327
          58       73308
          59       73212
          60       73299
          61       73373
          62       73428
          63       73446
          64       73255
          65       68864
          66       68968
          67       68725
          68       68983
          69       69235
          70       69017
          71       69139
          72       68896
          73       66575
          74       66581
          75       66451
          76       66864
          77       66765
          78       66770
          79       66870
          80       66412
          81       67140
          82       67145
          83       67061
          84       67390
          85       67421
          86       67287
          87       67419
          88       67169
          89       70635
          90       70799
          91       70701
          92       70902
          93       70978
          94       70877
          95       70889
          96       70713
          97       73875
          98       74118
          99       73985
         100       74036
         101       74086
         102       74002
         103       74095
         104       73938
         105       69004
         106       69063
         107       68913
         108       69197
         109       69198
         110       69141
         111       69177
         112       68897
         113       68177
         114       68210
         115       67957
         116       68300
         117       68452
         118       68365
         119       68318
         120       68224
         121       73449
         122       73338
         123       73506
         124       73541
         125       73296
         126       73388
         127       73393
         128       73361
         129       70649
         130       70576
         131       70370
         132       70595
         133       70549
         134       70516
         135       70694
         136       70491
         137       67215
         138       67173
         139       66944
         140       67288
         141       67453
         142       67249
         143       67330
         144       67126
         145       66894
         146       66897
         147       66815
         148       67048
         149       67131
         150       67054
         151       67096
         152       66711
         153       71077
         154       71201
         155       71118
         156       71251
         157       71446
         158       71260
         159       71293
         160       71192
         161       75544
         162       75512
         163       75452
         164       75520
         165       75630
         166       75558
         167       75515
         168       75600
         169       69002
         170       68937
         171       68964
         172       69125
         173       69282
         174       69053
         175       69138
         176       69028
         177       74606
         178       74410
         179       74431
         180       74459
         181       74371
         182       74510
         183       74506
         184       74382
         185       70760
         186       70660
         187       70554
         188       70820
         189       70901
         190       70652
         191       70808
         192       70665
         193       73993
         194       73877
         195       73833
         196       74068
         197       73876
         198       73831
         199       74064
         200       74044
         201       75533
         202       75424
         203       75539
         204       75639
         205       75529
         206       75483
         207       75558
         208       75665
         209       73246
         210       72984
         211       72845
         212       73221
         213       73166
         214       72966
         215       73003
         216       73185
         217       73062
         218       73311
         219       73594
         220       73295
         221       73228
         222       73450
         223       73529
         224       73391
         225       70404
         226       70648
         227       70703
         228       70628
         229       74356
         230       74566
         231       74642
         232       74606
         233       73178
         234       73336
         235       73516
         236       73209
         237       73245
         238       73553
         239       73576
         240       73362
         241       70346
         242       70669
         243       70830
         244       70520
         245       74287
         246       74648
         247       74665
         248       74439
         249       73045
         250       73131
         251       73082
         252       73079
         253       73193
         254       73212
         255       73002
         256       73112
         257       72885
         258       73025
         259       72864
         260       72889
         261       73157
         262       73034
         263       73134
         264       72939
         265       68094
         266       68290
         267       68075
         268       68423
         269       68483
         270       68288
         271       68348
         272       68079
         273       73324
         274       73313
         275       73206
         276       73299
         277       73373
         278       73432
         279       73439
         280       73259
         281       68864
         282       68968
         283       68725
         284       68983
         285       69235
         286       69017
         287       69139
         288       68896
         289       66575
         290       66581
         291       66451
         292       66864
         293       66765
         294       66770
         295       66870
         296       66412
         297       67140
         298       67145
         299       67061
         300       67390
         301       67421
         302       67287
         303       67419
         304       67169
         305       70635
         306       70799
         307       70701
         308       70902
         309       70978
         310       70877
         311       70889
         312       70713
         313       73875
         314       74118
         315       73985
         316       74036
         317       74086
         318       74002
         319       74095
         320       73938
         321       69004
         322       69063
         323       68913
         324       69197
         325       69198
         326       69141
         327       69177
         328       68897
         329       68177
         330       68210
         331       67957
         332       68300
         333       68452
         334       68365
         335       68318
         336       68224
         337       73413
         338       73308
         339       73382
         340       73426
         341       73427
         342       73318
         343       73483
         344       73509
         345       70644
         346       70580
         347       70365
         348       70597
         349       70542
         350       70520
         351       70684
         352       70498
         353       67215
         354       67173
         355       66944
         356       67288
         357       67453
         358       67249
         359       67330
         360       67126
         361       66894
         362       66897
         363       66815
         364       67048
         365       67131
         366       67054
         367       67096
         368       66711
         369       71077
         370       71201
         371       71118
         372       71251
         373       71446
         374       71260
         375       71293
         376       71192
         377       75544
         378       75512
         379       75452
         380       75520
         381       75630
         382       75558
         383       75515
         384       75600
         385       69002
         386       68937
         387       68964
         388       69125
         389       69282
         390       69053
         391       69138
         392       69028
         393       74512
         394       74377
         395       74390
         396       74509
         397       74605
         398       74410
         399       74433
         400       74446
         401       70760
         402       70660
         403       70554
         404       70820
         405       70901
         406       70652
         407       70808
         408       70665
         409       73993
         410       73877
         411       73833
         412       74068
         413       73876
         414       73831
         415       74064
         416       74044
         417       75533
         418       75424
         419       75539
         420       75639
         421       75529
         422       75483
         423       75558
         424       75665
         425       73246
         426       72984
         427       72845
         428       73221
         429       73166
         430       72966
         431       73003
         432       73185
